,AY274119.3,AY278488.2,AY304486.1,AY613950.1,DQ022305.2,DQ071615.1,DQ412042.1,DQ412043.1,FJ588686.1,HQ166910.1,JX993987.1,JX993988.1,KC881005.1,KC881006.1,KF636752.1,KJ473814.1,KJ473815.1,KJ473816.1,KJ473821.1,KP886809.1,KY352407.1,KY417142.1,KY417143.1,KY417146.1,KY417151.1,MG772933.1,NC_001846.1,NC_005147.1,NC_006577.2,NC_009019.1,NC_009020.1,NC_009021.1,NC_014470.1,NC_019843.3,NC_030886.1
AY274119.3,1.0,0.9999998954055282,0.9999998248334683,0.9999998152611468,0.9796622141729876,0.9981343061321499,0.923326061174677,0.7257963617033152,0.9981427994996654,0.02709542880211636,0.9148042408691951,0.9981355767413312,0.7360209806954464,0.8228005798593022,0.01408267344996452,0.9771932397721125,0.9979202977281624,0.8241293810365735,0.005975737495275554,0.9979468148232348,0.9828891096471475,0.8393921908615563,0.9980555788578667,0.9981400503693866,0.8336529561757633,0.9785086929517341,0.018537254557305954,0.0004361464254029204,0.0014522060943253183,0.019503475820189856,0.0063743662265641245,0.03462147368152586,0.06675407620166962,0.021307250225291147,0.012266333649084265
AY278488.2,0.9999998954055282,1.0,0.9999999064026504,0.9999998970078805,0.9796623520742589,0.9981341404319736,0.9233267007124154,0.7257962933994417,0.9981426845526414,0.027106271210104015,0.9148041582922285,0.9981354235116975,0.7360214272414356,0.8228025310104329,0.014080086836460845,0.9771930494212736,0.9979203906842874,0.8241471706486704,0.005975563995410711,0.997946701583859,0.9828889372607366,0.8393941855210983,0.9980554391072199,0.9981399103590165,0.833654929556077,0.978508781344204,0.01853672559630443,0.00043436045069419963,0.0014528294205456004,0.019503522043724287,0.00637416405325199,0.034619985264877064,0.06675569228220984,0.021306214055948864,0.01226555670561014
AY304486.1,0.9999998248334683,0.9999999064026504,1.0,0.9999998104629066,0.9796624332275742,0.998134099891686,0.9233266911807261,0.7257984158490096,0.9981426711223901,0.0270944701998947,0.9148043216076597,0.9981353718186067,0.736022203194237,0.8228035194804825,0.014080086586339002,0.9771933713291617,0.9979203466299321,0.8241533947010488,0.005975212945520911,0.9979466134943423,0.9828889748483561,0.839400591057742,0.9980554502749596,0.9981398514807851,0.8336564199035911,0.97850879476757,0.018537126498358533,0.0004350553152261374,0.001453547191881738,0.019503220439018233,0.0063738008508372815,0.034620449066389794,0.06676339457177036,0.021305658171876768,0.012265646135988933
AY613950.1,0.9999998152611468,0.9999998970078805,0.9999998104629066,1.0,0.9796533589516982,0.9981339341340411,0.9233232048933412,0.7257872446401685,0.9981425564368593,0.02709187481685365,0.9148025942872519,0.9981353364258179,0.7360063407876938,0.822781592215179,0.014076057185322946,0.9771913334883631,0.997920310953237,0.8241246107823071,0.005975645234486335,0.9979466255535743,0.9828885090566464,0.839372808532787,0.9980553232666239,0.9981398771562411,0.8336337180158055,0.9784996319750441,0.0185343848790446,0.000433557055957756,0.0014442677844890169,0.019503382310245412,0.0063737133863037134,0.034622485595916255,0.0666904958927442,0.02130662339857626,0.012266632056702377
DQ022305.2,0.9796622141729876,0.9796623520742589,0.9796624332275742,0.9796533589516982,1.0,0.9800257452981715,0.9598334084870954,0.778781192787318,0.9800111395504051,0.02889813957217416,0.9506248605457117,0.9800092518274705,0.7556712862683799,0.8087020587017365,0.01737167551891115,0.9957556501145746,0.9799028504272655,0.8098673449640071,0.006323736002807227,0.9799293884976823,0.9934633450116417,0.823931481112166,0.9799588199612589,0.9799927344190834,0.8182107498674258,0.9977591040653854,0.01968777956245694,0.0026520923100860775,0.0033201298849543644,0.01912384774550746,0.007418911120105707,0.039000476240846474,0.08329306092017112,0.022710889906038336,0.011697759998481543
DQ071615.1,0.9981343061321499,0.9981341404319736,0.998134099891686,0.9981339341340411,0.9800257452981715,1.0,0.9249019834347365,0.7200200259184679,0.9999884587252278,0.02736322436356461,0.9149976888001569,0.9999782100660447,0.7257496432792235,0.8072608029799102,0.014204334245798747,0.9768546980141712,0.9999847280153739,0.808807464039974,0.006044586659601422,0.9999815868672955,0.9849513697063027,0.8235740019904071,0.9999844716413082,0.9999839401827354,0.8178872183129967,0.9805535271554143,0.01838925868632681,3.803624122338059e-05,0.0017124702103385465,0.019567786127874638,0.006424647919330723,0.03492880868531632,0.06595721251536646,0.02143808762188755,0.012332529171751837
DQ412042.1,0.923326061174677,0.9233267007124154,0.9233266911807261,0.9233232048933412,0.9598334084870954,0.9249019834347365,1.0,0.793156306353824,0.9249016913447188,0.024819727357248317,0.9885867246052731,0.92488706142966,0.6949936267626536,0.7351976232121538,0.020064693056403286,0.9579085402605543,0.9248686649108427,0.7358660897293514,0.008085351398519349,0.9248740863012159,0.9427761232936169,0.7493724607568806,0.9248841420630526,0.9249460510250318,0.7444191793696846,0.9605677804739318,0.019138686535030584,0.0019297729915025079,0.004611429562755595,0.017456844477034664,0.008227804436470339,0.04321956775219677,0.08594720285886434,0.020327378094917838,0.009922940242901608
DQ412043.1,0.7257963617033152,0.7257962933994417,0.7257984158490096,0.7257872446401685,0.778781192787318,0.7200200259184679,0.793156306353824,1.0,0.7199821669220166,0.03731724475824056,0.7898079779128636,0.7200381685912159,0.6909970744252302,0.7545486771775419,0.09670472704241061,0.7894889545775362,0.7193740108075374,0.7548481283049239,0.007976164304670146,0.7194929850728774,0.7800048888564234,0.7067795685213261,0.7196771304594856,0.7200244421960856,0.7017159471254516,0.7780193071876843,0.020238948851054258,0.013820056119499005,0.031817107344361016,0.011426986931942891,0.006673768347393859,0.039283278050731826,0.4349035354174211,0.06399042814665475,0.006946981179799625
FJ588686.1,0.9981427994996654,0.9981426845526414,0.9981426711223901,0.9981425564368593,0.9800111395504051,0.9999884587252278,0.9249016913447188,0.7199821669220166,1.0,0.02729110435495133,0.9149426348453168,0.9999861821897846,0.7268662453012653,0.8083305079799173,0.014174462912781178,0.9768495461672047,0.9999830737446993,0.8097183669667044,0.006047036277651418,0.9999891193824265,0.9849430214248669,0.8246695833523517,0.999995229717945,0.9999944087071073,0.8189980964371572,0.9805390162858677,0.018652132719260996,2.2802244171507807e-05,0.0015460285242522593,0.01957846248971257,0.006420945068274772,0.03490460581320842,0.06599571859416753,0.02142441181050348,0.012323804939181808
HQ166910.1,0.02709542880211636,0.027106271210104015,0.0270944701998947,0.02709187481685365,0.02889813957217416,0.02736322436356461,0.024819727357248317,0.03731724475824056,0.02729110435495133,1.0,0.027345232715836547,0.02730993476481737,0.043594897966222325,0.054752080489786116,0.07885236495213235,0.02814321143167256,0.02734748668228105,0.06757384745394486,0.0347231728535846,0.02730981020851857,0.025699328248229285,0.05697088962984491,0.02726229143250523,0.027235345041066405,0.0572269825490385,0.031192597113337838,0.03787175692396444,0.0087081356932248,0.04009628311136329,0.11556037964050535,0.0100617996883258,0.10650220761695835,0.1429171296172096,0.020942103253375543,0.054647931219795366
JX993987.1,0.9148042408691951,0.9148041582922285,0.9148043216076597,0.9148025942872519,0.9506248605457117,0.9149976888001569,0.9885867246052731,0.7898079779128636,0.9149426348453168,0.027345232715836547,1.0,0.9153459618950348,0.692606902762191,0.7358333926975146,0.016973733629478387,0.9493440461205093,0.9148475281131105,0.7372832145825657,0.0062234769017351895,0.9148213978726575,0.932719910405164,0.7500972459895564,0.9148745078597699,0.9150025530282767,0.7449665781503768,0.9507406544387332,0.01872424891114724,0.0017946086537848158,0.003380700410544988,0.018940358411390842,0.008055281595185391,0.04224844596928059,0.0806943875587792,0.019657212182722227,0.009772756620974645
JX993988.1,0.9981355767413312,0.9981354235116975,0.9981353718186067,0.9981353364258179,0.9800092518274705,0.9999782100660447,0.92488706142966,0.7200381685912159,0.9999861821897846,0.02730993476481737,0.9153459618950348,1.0,0.7264396197975087,0.8079322580119253,0.01441787937278179,0.9768457560904223,0.9999774650517289,0.8092201656919874,0.006059776134920356,0.9999806020694312,0.9849373671142814,0.8242429259163244,0.9999864562060533,0.9999847989660535,0.8186007842196973,0.9805591382817966,0.01869300434334291,0.0004932342572720445,0.0015613873703759532,0.0196059944153584,0.006425032849825674,0.03480602325641551,0.06623615062729167,0.021397410205851154,0.012306523372158082
KC881005.1,0.7360209806954464,0.7360214272414356,0.736022203194237,0.7360063407876938,0.7556712862683799,0.7257496432792235,0.6949936267626536,0.6909970744252302,0.7268662453012653,0.043594897966222325,0.692606902762191,0.7264396197975087,1.0,0.8538219565770537,0.02369512852253191,0.7604265049072902,0.7249455021369315,0.8477839737552689,0.006506917747944293,0.7260033612707789,0.7587148170059461,0.8641922843958538,0.726325737077405,0.7267835950466986,0.8601832852100698,0.7416153675028473,0.03881480548913747,0.03153146345373028,0.02059405755333907,0.013612741606130931,0.008039288858926,0.036770541818264196,0.11900676468306273,0.021580597393246494,0.008305308852060005
KC881006.1,0.8228005798593022,0.8228025310104329,0.8228035194804825,0.822781592215179,0.8087020587017365,0.8072608029799102,0.7351976232121538,0.7545486771775419,0.8083305079799173,0.054752080489786116,0.7358333926975146,0.8079322580119253,0.8538219565770537,1.0,0.027262451160250018,0.819245066826597,0.8058923865232468,0.9872719980888051,0.008875118822506287,0.8069392760155771,0.808892653908309,0.9883579961032223,0.8075807724019446,0.8084315453318529,0.9857233821047938,0.7971326723761978,0.05836128659554325,0.02135544700539232,0.02143484276479675,0.01991834085383158,0.008134128568523273,0.03893245946763149,0.22189653835764225,0.04104614036245405,0.01175030258083256
KF636752.1,0.01408267344996452,0.014080086836460845,0.014080086586339002,0.014076057185322946,0.01737167551891115,0.014204334245798747,0.020064693056403286,0.09670472704241061,0.014174462912781178,0.07885236495213235,0.016973733629478387,0.01441787937278179,0.02369512852253191,0.027262451160250018,1.0,0.016744093176042772,0.014150514121788112,0.027766202090054093,0.018329382562684175,0.01418068998151943,0.017477387010778972,0.0272755920910266,0.014148507241203923,0.014174381167921387,0.02645236619414269,0.04398695044930097,0.02247711527052713,0.0032232117363284597,0.11889492050199672,0.011202537397650104,0.01041177858760444,0.02769668069333635,0.4271298875777253,0.025942519916736,0.008193840008477275
KJ473814.1,0.9771932397721125,0.9771930494212736,0.9771933713291617,0.9771913334883631,0.9957556501145746,0.9768546980141712,0.9579085402605543,0.7894889545775362,0.9768495461672047,0.02814321143167256,0.9493440461205093,0.9768457560904223,0.7604265049072902,0.819245066826597,0.016744093176042772,1.0,0.9766540506837517,0.8202230462525965,0.006241210554041335,0.9766566643501322,0.9914017815976224,0.8323967806808289,0.976753888805882,0.9769645308091404,0.8265486977009259,0.9940675863277452,0.023630429851339937,0.0013554148752638257,0.0028909285880662464,0.019485880350110587,0.007262314800908927,0.038750287465490786,0.10270679812736724,0.02388636248155922,0.011608550551752571
KJ473815.1,0.9979202977281624,0.9979203906842874,0.9979203466299321,0.997920310953237,0.9799028504272655,0.9999847280153739,0.9248686649108427,0.7193740108075374,0.9999830737446993,0.02734748668228105,0.9148475281131105,0.9999774650517289,0.7249455021369315,0.8058923865232468,0.014150514121788112,0.9766540506837517,1.0,0.8074561335274223,0.006057216257837441,0.999992569939005,0.9849454509991733,0.8221934241462562,0.9999899483031789,0.9999798705933234,0.8165206261143607,0.9805467135951781,0.018213996096361047,5.367988088251891e-06,0.0015656910805731067,0.01955359267225322,0.00640982118832674,0.034863436655390156,0.06586813725007405,0.021435743447519813,0.012304015570570237
KJ473816.1,0.8241293810365735,0.8241471706486704,0.8241533947010488,0.8241246107823071,0.8098673449640071,0.808807464039974,0.7358660897293514,0.7548481283049239,0.8097183669667044,0.06757384745394486,0.7372832145825657,0.8092201656919874,0.8477839737552689,0.9872719980888051,0.027766202090054093,0.8202230462525965,0.8074561335274223,1.0,0.008657423412231371,0.8083315246323921,0.809963052127246,0.9819100529897082,0.8089027603636594,0.80971116666631,0.9739007662986379,0.7986028276645446,0.03821976677926841,0.02101078299795902,0.023963154192479907,0.018630129199937347,0.0065234623979453996,0.04152130215400017,0.21988652018007557,0.040678087372765834,0.011958046354009594
KJ473821.1,0.005975737495275554,0.005975563995410711,0.005975212945520911,0.005975645234486335,0.006323736002807227,0.006044586659601422,0.008085351398519349,0.007976164304670146,0.006047036277651418,0.0347231728535846,0.0062234769017351895,0.006059776134920356,0.006506917747944293,0.008875118822506287,0.018329382562684175,0.006241210554041335,0.006057216257837441,0.008657423412231371,1.0,0.006044266162964425,0.005540971254835465,0.007973213065217099,0.006068926864746013,0.006067429804274468,0.008920197131604312,0.00619814807116141,0.030607894529651826,0.0051388245872249876,0.06384030848330739,0.0471211050459143,0.11634783070274884,0.037967931925437924,0.007296954415816998,0.29037574911127473,0.007300980586471837
KP886809.1,0.9979468148232348,0.997946701583859,0.9979466134943423,0.9979466255535743,0.9799293884976823,0.9999815868672955,0.9248740863012159,0.7194929850728774,0.9999891193824265,0.02730981020851857,0.9148213978726575,0.9999806020694312,0.7260033612707789,0.8069392760155771,0.01418068998151943,0.9766566643501322,0.999992569939005,0.8083315246323921,0.006044266162964425,1.0,0.984948670729051,0.8232247590579649,0.9999940825866984,0.9999833981786935,0.8175747468020241,0.9805395881094763,0.01866931507568791,1.5984505259748087e-05,0.001552327150999786,0.01958062807683415,0.006420051540549025,0.034869316575339926,0.06579598643118556,0.021424670237020667,0.012321826233810382
KY352407.1,0.9828891096471475,0.9828889372607366,0.9828889748483561,0.9828885090566464,0.9934633450116417,0.9849513697063027,0.9427761232936169,0.7800048888564234,0.9849430214248669,0.025699328248229285,0.932719910405164,0.9849373671142814,0.7587148170059461,0.808892653908309,0.017477387010778972,0.9914017815976224,0.9849454509991733,0.809963052127246,0.005540971254835465,0.984948670729051,1.0,0.8215378561404245,0.9849373855204312,0.9849517103826664,0.8158245029786853,0.9926207673298095,0.023118035753904722,0.004020023488376968,0.0032270800829502524,0.01744060911755588,0.006534426050753466,0.03523568135296973,0.09094077572623213,0.022959335457056116,0.010757670073219934
KY417142.1,0.8393921908615563,0.8393941855210983,0.839400591057742,0.839372808532787,0.823931481112166,0.8235740019904071,0.7493724607568806,0.7067795685213261,0.8246695833523517,0.05697088962984491,0.7500972459895564,0.8242429259163244,0.8641922843958538,0.9883579961032223,0.0272755920910266,0.8323967806808289,0.8221934241462562,0.9819100529897082,0.007973213065217099,0.8232247590579649,0.8215378561404245,1.0,0.8239043255873983,0.8247290822097757,0.9935360871780329,0.8121452692765178,0.056492353427847114,0.0216120455956303,0.022224576318182893,0.020256684317586836,0.008146080781748586,0.04015830869532514,0.15242828486347873,0.02915329739004515,0.013148291152540126
KY417143.1,0.9980555788578667,0.9980554391072199,0.9980554502749596,0.9980553232666239,0.9799588199612589,0.9999844716413082,0.9248841420630526,0.7196771304594856,0.999995229717945,0.02726229143250523,0.9148745078597699,0.9999864562060533,0.726325737077405,0.8075807724019446,0.014148507241203923,0.976753888805882,0.9999899483031789,0.8089027603636594,0.006068926864746013,0.9999940825866984,0.9849373855204312,0.8239043255873983,1.0,0.9999928903724892,0.8182449481889496,0.9805296492212209,0.018633011194374334,1.5884543006381466e-05,0.0015208807998319377,0.01958000113402692,0.006420590556547016,0.034817129078505704,0.06595844453984141,0.02140461266874879,0.01231789158331443
KY417146.1,0.9981400503693866,0.9981399103590165,0.9981398514807851,0.9981398771562411,0.9799927344190834,0.9999839401827354,0.9249460510250318,0.7200244421960856,0.9999944087071073,0.027235345041066405,0.9150025530282767,0.9999847989660535,0.7267835950466986,0.8084315453318529,0.014174381167921387,0.9769645308091404,0.9999798705933234,0.80971116666631,0.006067429804274468,0.9999833981786935,0.9849517103826664,0.8247290822097757,0.9999928903724892,1.0,0.819106623737631,0.9805489955943362,0.018658426181531435,2.721802125898213e-05,0.0015240959050773827,0.019585202988980765,0.0064261708314468,0.03480751100649001,0.06650174569523656,0.021425470655656555,0.012326432437997688
KY417151.1,0.8336529561757633,0.833654929556077,0.8336564199035911,0.8336337180158055,0.8182107498674258,0.8178872183129967,0.7444191793696846,0.7017159471254516,0.8189980964371572,0.0572269825490385,0.7449665781503768,0.8186007842196973,0.8601832852100698,0.9857233821047938,0.02645236619414269,0.8265486977009259,0.8165206261143607,0.9739007662986379,0.008920197131604312,0.8175747468020241,0.8158245029786853,0.9935360871780329,0.8182449481889496,0.819106623737631,1.0,0.806396949761295,0.05600245398718809,0.021475563827311205,0.021908042916813687,0.02008518084310865,0.00854948711662444,0.040264087956760855,0.1509287754216506,0.028447756026322137,0.012204691218730121
MG772933.1,0.9785086929517341,0.978508781344204,0.97850879476757,0.9784996319750441,0.9977591040653854,0.9805535271554143,0.9605677804739318,0.7780193071876843,0.9805390162858677,0.031192597113337838,0.9507406544387332,0.9805591382817966,0.7416153675028473,0.7971326723761978,0.04398695044930097,0.9940675863277452,0.9805467135951781,0.7986028276645446,0.00619814807116141,0.9805395881094763,0.9926207673298095,0.8121452692765178,0.9805296492212209,0.9805489955943362,0.806396949761295,1.0,0.020095004887500167,0.0027171979739021297,0.011128043693049572,0.019105005885737034,0.007252363682940535,0.039689825907086966,0.10913802642566725,0.02283550880257181,0.011580032223887286
NC_001846.1,0.018537254557305954,0.01853672559630443,0.018537126498358533,0.0185343848790446,0.01968777956245694,0.01838925868632681,0.019138686535030584,0.020238948851054258,0.018652132719260996,0.03787175692396444,0.01872424891114724,0.01869300434334291,0.03881480548913747,0.05836128659554325,0.02247711527052713,0.023630429851339937,0.018213996096361047,0.03821976677926841,0.030607894529651826,0.01866931507568791,0.023118035753904722,0.056492353427847114,0.018633011194374334,0.018658426181531435,0.05600245398718809,0.020095004887500167,1.0,0.01902656142600752,0.09511791631197808,0.013630582243645576,0.11135713871392895,0.10490306530546768,0.028471271976408353,0.20934233705386865,0.006133882077210313
NC_005147.1,0.0004361464254029204,0.00043436045069419963,0.0004350553152261374,0.000433557055957756,0.0026520923100860775,3.803624122338059e-05,0.0019297729915025079,0.013820056119499005,2.2802244171507807e-05,0.0087081356932248,0.0017946086537848158,0.0004932342572720445,0.03153146345373028,0.02135544700539232,0.0032232117363284597,0.0013554148752638257,5.367988088251891e-06,0.02101078299795902,0.0051388245872249876,1.5984505259748087e-05,0.004020023488376968,0.0216120455956303,1.5884543006381466e-05,2.721802125898213e-05,0.021475563827311205,0.0027171979739021297,0.01902656142600752,1.0,0.07216564529941745,0.0006307683670552839,2.9625711269375668e-05,0.009093098880528732,0.009166209077878108,0.009808219939137164,0.005701453240810321
NC_006577.2,0.0014522060943253183,0.0014528294205456004,0.001453547191881738,0.0014442677844890169,0.0033201298849543644,0.0017124702103385465,0.004611429562755595,0.031817107344361016,0.0015460285242522593,0.04009628311136329,0.003380700410544988,0.0015613873703759532,0.02059405755333907,0.02143484276479675,0.11889492050199672,0.0028909285880662464,0.0015656910805731067,0.023963154192479907,0.06384030848330739,0.001552327150999786,0.0032270800829502524,0.022224576318182893,0.0015208807998319377,0.0015240959050773827,0.021908042916813687,0.011128043693049572,0.09511791631197808,0.07216564529941745,1.0,0.005631278871630451,0.007853344649395558,0.03307260251009589,0.1343389406318172,0.1267221297237509,0.0016439677765524947
NC_009019.1,0.019503475820189856,0.019503522043724287,0.019503220439018233,0.019503382310245412,0.01912384774550746,0.019567786127874638,0.017456844477034664,0.011426986931942891,0.01957846248971257,0.11556037964050535,0.018940358411390842,0.0196059944153584,0.013612741606130931,0.01991834085383158,0.011202537397650104,0.019485880350110587,0.01955359267225322,0.018630129199937347,0.0471211050459143,0.01958062807683415,0.01744060911755588,0.020256684317586836,0.01958000113402692,0.019585202988980765,0.02008518084310865,0.019105005885737034,0.013630582243645576,0.0006307683670552839,0.005631278871630451,1.0,0.014882072234790029,0.013347192732009225,0.007549725099996018,0.085391942130414,0.007925743409706348
NC_009020.1,0.0063743662265641245,0.00637416405325199,0.0063738008508372815,0.0063737133863037134,0.007418911120105707,0.006424647919330723,0.008227804436470339,0.006673768347393859,0.006420945068274772,0.0100617996883258,0.008055281595185391,0.006425032849825674,0.008039288858926,0.008134128568523273,0.01041177858760444,0.007262314800908927,0.00640982118832674,0.0065234623979453996,0.11634783070274884,0.006420051540549025,0.006534426050753466,0.008146080781748586,0.006420590556547016,0.0064261708314468,0.00854948711662444,0.007252363682940535,0.11135713871392895,2.9625711269375668e-05,0.007853344649395558,0.014882072234790029,1.0,0.07418413049545627,0.0021566706351988383,0.12128089091235117,0.006866044233170192
NC_009021.1,0.03462147368152586,0.034619985264877064,0.034620449066389794,0.034622485595916255,0.039000476240846474,0.03492880868531632,0.04321956775219677,0.039283278050731826,0.03490460581320842,0.10650220761695835,0.04224844596928059,0.03480602325641551,0.036770541818264196,0.03893245946763149,0.02769668069333635,0.038750287465490786,0.034863436655390156,0.04152130215400017,0.037967931925437924,0.034869316575339926,0.03523568135296973,0.04015830869532514,0.034817129078505704,0.03480751100649001,0.040264087956760855,0.039689825907086966,0.10490306530546768,0.009093098880528732,0.03307260251009589,0.013347192732009225,0.07418413049545627,1.0,0.04496143001251938,0.10063863443825352,0.05441619966267983
NC_014470.1,0.06675407620166962,0.06675569228220984,0.06676339457177036,0.0666904958927442,0.08329306092017112,0.06595721251536646,0.08594720285886434,0.4349035354174211,0.06599571859416753,0.1429171296172096,0.0806943875587792,0.06623615062729167,0.11900676468306273,0.22189653835764225,0.4271298875777253,0.10270679812736724,0.06586813725007405,0.21988652018007557,0.007296954415816998,0.06579598643118556,0.09094077572623213,0.15242828486347873,0.06595844453984141,0.06650174569523656,0.1509287754216506,0.10913802642566725,0.028471271976408353,0.009166209077878108,0.1343389406318172,0.007549725099996018,0.0021566706351988383,0.04496143001251938,1.0,0.06853877862542274,0.038853733609412466
NC_019843.3,0.021307250225291147,0.021306214055948864,0.021305658171876768,0.02130662339857626,0.022710889906038336,0.02143808762188755,0.020327378094917838,0.06399042814665475,0.02142441181050348,0.020942103253375543,0.019657212182722227,0.021397410205851154,0.021580597393246494,0.04104614036245405,0.025942519916736,0.02388636248155922,0.021435743447519813,0.040678087372765834,0.29037574911127473,0.021424670237020667,0.022959335457056116,0.02915329739004515,0.02140461266874879,0.021425470655656555,0.028447756026322137,0.02283550880257181,0.20934233705386865,0.009808219939137164,0.1267221297237509,0.085391942130414,0.12128089091235117,0.10063863443825352,0.06853877862542274,1.0,0.006023349599612029
NC_030886.1,0.012266333649084265,0.01226555670561014,0.012265646135988933,0.012266632056702377,0.011697759998481543,0.012332529171751837,0.009922940242901608,0.006946981179799625,0.012323804939181808,0.054647931219795366,0.009772756620974645,0.012306523372158082,0.008305308852060005,0.01175030258083256,0.008193840008477275,0.011608550551752571,0.012304015570570237,0.011958046354009594,0.007300980586471837,0.012321826233810382,0.010757670073219934,0.013148291152540126,0.01231789158331443,0.012326432437997688,0.012204691218730121,0.011580032223887286,0.006133882077210313,0.005701453240810321,0.0016439677765524947,0.007925743409706348,0.006866044233170192,0.05441619966267983,0.038853733609412466,0.006023349599612029,1.0
