,AY274119.3,AY278488.2,AY304486.1,AY613950.1,DQ022305.2,DQ071615.1,DQ412042.1,DQ412043.1,FJ588686.1,HQ166910.1,JX993987.1,JX993988.1,KC881006.1,KF636752.1,KJ473814.1,KJ473815.1,KJ473816.1,KJ473821.1,KP886809.1,KY352407.1,KY417142.1,KY417143.1,MG772933.1,NC_001846.1,NC_005147.1,NC_006577.2,NC_009019.1,NC_009020.1,NC_009021.1,NC_014470.1,NC_019843.3,NC_030886.1
AY274119.3,1.0,0.9999888417408402,0.9999527489903499,0.9999598739203085,0.9506651866690747,0.9757833719223452,0.941442956502806,0.8263812766714774,0.9760216647765753,0.07169926175058255,0.9483610602165163,0.9750055815972496,0.7213776647103025,0.22827305331155684,0.9030526615015532,0.9725154485464539,0.7181933023619717,0.04017678734090205,0.9727206814813358,0.8991476941378642,0.721275332840652,0.9742674580232986,0.9181177061474897,0.15097036851717646,0.0109493689985995,0.026347747154997214,0.0613496867714436,0.05023402368684354,0.06741432604595805,0.2844541196977895,0.08431893179960091,0.08159012838253504
AY278488.2,0.9999888417408402,1.0,0.9999461976021374,0.999953388534689,0.9506850760643858,0.9757679051614943,0.941433174267509,0.8263752573127103,0.9760259675329106,0.07185654935538482,0.9483485361223428,0.974993919091341,0.7214112672119375,0.2281417179243684,0.9030387822608523,0.9725162705920851,0.7182672127061568,0.0401086458677502,0.9727059954519659,0.899128224827091,0.7212813686417704,0.9742554241468561,0.9181464730892013,0.1509733290379114,0.010954785767565887,0.026328479013664162,0.06139839700508874,0.05031250491298158,0.06746607440590124,0.28447461838687643,0.0842685141218233,0.08159474883151155
AY304486.1,0.9999527489903499,0.9999461976021374,1.0,0.9999033967123423,0.9507121644331494,0.9757512664519762,0.9414088445883353,0.8264638521786973,0.976022011724468,0.0718063529077209,0.94834621574747,0.9749624473834362,0.7214094057743198,0.22818565183785947,0.903107081422871,0.9724953023026052,0.7184366023924005,0.04000943948660945,0.972666489136605,0.8991379727516857,0.7214829605039494,0.9742810872764299,0.9181671397897316,0.15099122833942621,0.01095374111129094,0.026399448928247738,0.061284666112404164,0.05019524826990923,0.06737250202494113,0.285013849043419,0.08411691491422078,0.08160839017121704
AY613950.1,0.9999598739203085,0.999953388534689,0.9999033967123423,1.0,0.9501063920879325,0.9757134240821046,0.941343058785264,0.8261212669763045,0.9759827909459153,0.07143694960612247,0.948228058842353,0.9749937675138993,0.7209041022402387,0.2279983076759149,0.902810719783516,0.9725039762102156,0.7177586705058225,0.04004166117657636,0.9727232730997114,0.8990324732220686,0.720824206054147,0.97420627114867,0.9175539016087264,0.15067051300632958,0.01082374548060643,0.025943323126189768,0.06127041207465908,0.05009271990663283,0.06741848908373355,0.2822483570552779,0.08430423466251809,0.08158796373727473
DQ022305.2,0.9506651866690747,0.9506850760643858,0.9507121644331494,0.9501063920879325,1.0,0.9660696425806128,0.9306268721885764,0.8691658351711763,0.9654615585513938,0.11932308664300834,0.9459229649259077,0.9654677177972902,0.7631073698896197,0.2694888986958508,0.9218506231797292,0.9641239729742099,0.7608148360764689,0.059015744031457845,0.9645930366850235,0.919313704565993,0.7620047732747831,0.9654119807191684,0.9423719117520978,0.1728679018618917,0.028486459500461046,0.05400355594582812,0.07132499162954262,0.06334171187202724,0.09755187468232016,0.4142190772088845,0.10808081991775591,0.08666766934858687
DQ071615.1,0.9757833719223452,0.9757679051614943,0.9757512664519762,0.9757134240821046,0.9660696425806128,1.0,0.9654213882185639,0.8417154741845351,0.9993211329893867,0.07832090585538512,0.9662881438213715,0.9962526258388572,0.7283704812563455,0.23683332474378163,0.913536470329693,0.9982667992767207,0.7264489900637258,0.04270182372837575,0.9988169446732487,0.9236596181928725,0.7288150381244394,0.9986680294995767,0.9428109892880326,0.16145578600865643,0.01205903635709629,0.03162166247142943,0.06438354477894832,0.053504362755011164,0.07360699460991492,0.29122270911848674,0.08851065241896995,0.08680061190207576
DQ412042.1,0.941442956502806,0.941433174267509,0.9414088445883353,0.941343058785264,0.9306268721885764,0.9654213882185639,1.0,0.7008003754273099,0.9653974596707128,0.08274000492828396,0.9905197261101079,0.9669313586037794,0.5443470332717063,0.219726512233772,0.8842927435298589,0.9674932299279971,0.5424103439163619,0.05031912413635734,0.9663764508609707,0.8199272337305803,0.5444232109989394,0.9674281230427112,0.9570401151367769,0.1580616123491362,0.010563301792840372,0.03797391037481688,0.07143373956293594,0.04974007840711286,0.07994908266056656,0.28779162237372014,0.09510402966419665,0.0909858568216302
DQ412043.1,0.8263812766714774,0.8263752573127103,0.8264638521786973,0.8261212669763045,0.8691658351711763,0.8417154741845351,0.7008003754273099,1.0,0.8412173399238545,0.10919234046953051,0.7267978141453052,0.8409519494137027,0.9588488359719284,0.28880109462570613,0.8266527233703429,0.8393132412008938,0.955276486194252,0.050101835592419604,0.8409262896161444,0.9530023993085627,0.9591061621707083,0.8401725904904136,0.7563783765511719,0.1482610848607821,0.028786056102415244,0.06416084600121118,0.05056512019079372,0.06100561133050471,0.08658820831468536,0.3791091782462778,0.08450717621535347,0.06339511528518936
FJ588686.1,0.9760216647765753,0.9760259675329106,0.976022011724468,0.9759827909459153,0.9654615585513938,0.9993211329893867,0.9653974596707128,0.8412173399238545,1.0,0.0759871800244121,0.9658662647723744,0.996596339099067,0.7270966961152678,0.2362425470367664,0.9126421474829147,0.9984827107988719,0.7253991105874987,0.042787279999983545,0.998952892366401,0.9233945529753886,0.7277511687466345,0.9990008531239944,0.9427067074973637,0.15893557953869278,0.012051325796204448,0.0286143458275218,0.06390629524840066,0.05259770925266977,0.07302126437835417,0.29032550036866506,0.08841487029900841,0.0859858991389353
HQ166910.1,0.07169926175058255,0.07185654935538482,0.0718063529077209,0.07143694960612247,0.11932308664300834,0.07832090585538512,0.08274000492828396,0.10919234046953051,0.0759871800244121,1.0,0.08905450454680613,0.07999539307030436,0.09549494941847882,0.2149324007021851,0.1089005683056201,0.07580186662450072,0.09498120391111262,0.17681560280570202,0.07606662455991542,0.08940569573740234,0.09492863687317325,0.07709045999890798,0.12993628054364448,0.11875219317249877,0.06615957582680738,0.10138436735915794,0.16099138085960474,0.08787457743580122,0.2131419840674079,0.19698311492614107,0.15026478076269942,0.06488445285915448
JX993987.1,0.9483610602165163,0.9483485361223428,0.94834621574747,0.948228058842353,0.9459229649259077,0.9662881438213715,0.9905197261101079,0.7267978141453052,0.9658662647723744,0.08905450454680613,1.0,0.9677071432346656,0.5817621591237585,0.23095702365644252,0.9198181132721471,0.9666426940466081,0.5797892054341677,0.04825947114729461,0.9658814251272054,0.8408923544959992,0.5818171672657532,0.9674173018578057,0.9545047274456225,0.1621677278806522,0.014927451524939628,0.04041458215801704,0.07310972919610852,0.05096081146414574,0.0849855481011926,0.32521638240892403,0.09519067660476102,0.08995794375164774
JX993988.1,0.9750055815972496,0.974993919091341,0.9749624473834362,0.9749937675138993,0.9654677177972902,0.9962526258388572,0.9669313586037794,0.8409519494137027,0.996596339099067,0.07999539307030436,0.9677071432346656,1.0,0.7188791223717445,0.237257911823016,0.9133864956422484,0.9976659185325434,0.7157877908196706,0.04098915224621439,0.9972951888708882,0.9238876253416275,0.7191462337323251,0.9977188159052627,0.9439783370350305,0.15309111275718346,0.012649520847989525,0.026752001125641064,0.06311796162418094,0.050891426896565554,0.07411047393081098,0.29386862850481565,0.08750125938967274,0.0869460494332272
KC881006.1,0.7213776647103025,0.7214112672119375,0.7214094057743198,0.7209041022402387,0.7631073698896197,0.7283704812563455,0.5443470332717063,0.9588488359719284,0.7270966961152678,0.09549494941847882,0.5817621591237585,0.7188791223717445,1.0,0.260478412991855,0.7247749262202968,0.7199631291066052,0.9949356149460917,0.045776934022357926,0.7240760088593553,0.8874714408264179,0.997802835013295,0.7225538115579277,0.6077175796858355,0.14249385696354225,0.037910826822644614,0.053781407968752956,0.04308517662773921,0.06142711166731474,0.07434771750072082,0.3381680391821321,0.06949932920592357,0.05023734623807665
KF636752.1,0.22827305331155684,0.2281417179243684,0.22818565183785947,0.2279983076759149,0.2694888986958508,0.23683332474378163,0.219726512233772,0.28880109462570613,0.2362425470367664,0.2149324007021851,0.23095702365644252,0.237257911823016,0.260478412991855,1.0,0.26513468623848063,0.234924651951045,0.2600425365985478,0.10031254377526132,0.23595778921639585,0.2732602314939627,0.25949113139219404,0.2356438273253926,0.29890286178814623,0.1531564743156124,0.048103312596381564,0.17600247526167545,0.07905581169838055,0.07307961483383299,0.15946220794369245,0.3223907160947055,0.16324730891941633,0.07149950106542981
KJ473814.1,0.9030526615015532,0.9030387822608523,0.903107081422871,0.902810719783516,0.9218506231797292,0.913536470329693,0.8842927435298589,0.8266527233703429,0.9126421474829147,0.1089005683056201,0.9198181132721471,0.9133864956422484,0.7247749262202968,0.26513468623848063,1.0,0.9123740326504088,0.7222899514414859,0.05302981737304062,0.9113925125268351,0.8956761161084653,0.7247135646287195,0.9131294409733905,0.8836207405674862,0.16188061911449472,0.025300876591484583,0.05444420221431847,0.07213884533669268,0.057677654035758474,0.09283589083542648,0.431353116521999,0.09611761189643978,0.08044223711871092
KJ473815.1,0.9725154485464539,0.9725162705920851,0.9724953023026052,0.9725039762102156,0.9641239729742099,0.9982667992767207,0.9674932299279971,0.8393132412008938,0.9984827107988719,0.07580186662450072,0.9666426940466081,0.9976659185325434,0.7199631291066052,0.234924651951045,0.9123740326504088,1.0,0.7184985063813413,0.04163544002404849,0.9994286857923455,0.9235796547397153,0.7203600262492244,0.9991452550699131,0.9440870648614227,0.15444557291141417,0.008631798144617953,0.028761387118584527,0.06323888951793301,0.05200773110205248,0.07240260202418973,0.28806361864974334,0.08776707233181014,0.08609961655327487
KJ473816.1,0.7181933023619717,0.7182672127061568,0.7184366023924005,0.7177586705058225,0.7608148360764689,0.7264489900637258,0.5424103439163619,0.955276486194252,0.7253991105874987,0.09498120391111262,0.5797892054341677,0.7157877908196706,0.9949356149460917,0.2600425365985478,0.7222899514414859,0.7184985063813413,1.0,0.04516653807558146,0.7219898034272046,0.884070637061693,0.9958112635597546,0.7199769117827234,0.6056667299984825,0.14199090094802838,0.03782874915352385,0.0582190337097883,0.0423473224738575,0.060854123315055166,0.07902337833299265,0.3377290400826382,0.06777836614445108,0.05144340105930848
KJ473821.1,0.04017678734090205,0.0401086458677502,0.04000943948660945,0.04004166117657636,0.059015744031457845,0.04270182372837575,0.05031912413635734,0.050101835592419604,0.042787279999983545,0.17681560280570202,0.04825947114729461,0.04098915224621439,0.045776934022357926,0.10031254377526132,0.05302981737304062,0.04163544002404849,0.04516653807558146,1.0,0.040783664599138715,0.04676358026301467,0.04398496119498706,0.04321729740275645,0.058704803420518065,0.12166849074973583,0.06525182361114787,0.19747021807270018,0.11618584768294667,0.20906309740951243,0.14377955148847488,0.08359543365504238,0.44063207106904523,0.05241060288346367
KP886809.1,0.9727206814813358,0.9727059954519659,0.972666489136605,0.9727232730997114,0.9645930366850235,0.9988169446732487,0.9663764508609707,0.8409262896161444,0.998952892366401,0.07606662455991542,0.9658814251272054,0.9972951888708882,0.7240760088593553,0.23595778921639585,0.9113925125268351,0.9994286857923455,0.7219898034272046,0.040783664599138715,1.0,0.9243769143054416,0.7243484603323511,0.9992298181854548,0.9432775921537169,0.15628871463043226,0.009790928221094407,0.027920404066231107,0.06360244166880039,0.051773158069044305,0.0726437382353783,0.2882647797685586,0.08730192618828665,0.08493498814478329
KY352407.1,0.8991476941378642,0.899128224827091,0.8991379727516857,0.8990324732220686,0.919313704565993,0.9236596181928725,0.8199272337305803,0.9530023993085627,0.9233945529753886,0.08940569573740234,0.8408923544959992,0.9238876253416275,0.8874714408264179,0.2732602314939627,0.8956761161084653,0.9235796547397153,0.884070637061693,0.04676358026301467,0.9243769143054416,1.0,0.8875810087080042,0.9236154481041712,0.8431861391132411,0.1890353333112981,0.042800436168387496,0.056435526528403564,0.05374713584112048,0.055471363547297585,0.07579835618731366,0.37431335360675166,0.08152832754359517,0.06947196308169921
KY417142.1,0.721275332840652,0.7212813686417704,0.7214829605039494,0.720824206054147,0.7620047732747831,0.7288150381244394,0.5444232109989394,0.9591061621707083,0.7277511687466345,0.09492863687317325,0.5818171672657532,0.7191462337323251,0.997802835013295,0.25949113139219404,0.7247135646287195,0.7203600262492244,0.9958112635597546,0.04398496119498706,0.7243484603323511,0.8875810087080042,1.0,0.7232740756437336,0.606062020132449,0.14170860233341603,0.03736225524055611,0.05431857688112788,0.04255385411983041,0.060911037543809984,0.07434047453486556,0.3293312328697308,0.0677670494538628,0.05102071545858209
KY417143.1,0.9742674580232986,0.9742554241468561,0.9742810872764299,0.97420627114867,0.9654119807191684,0.9986680294995767,0.9674281230427112,0.8401725904904136,0.9990008531239944,0.07709045999890798,0.9674173018578057,0.9977188159052627,0.7225538115579277,0.2356438273253926,0.9131294409733905,0.9991452550699131,0.7199769117827234,0.04321729740275645,0.9992298181854548,0.9236154481041712,0.7232740756437336,1.0,0.9437334947978855,0.15676844251150845,0.00961850468379389,0.02847256297329295,0.06383481048486254,0.05211528873438773,0.07299803514937105,0.2897775222376678,0.08700512985664821,0.08546848092797146
MG772933.1,0.9181177061474897,0.9181464730892013,0.9181671397897316,0.9175539016087264,0.9423719117520978,0.9428109892880326,0.9570401151367769,0.7563783765511719,0.9427067074973637,0.12993628054364448,0.9545047274456225,0.9439783370350305,0.6077175796858355,0.29890286178814623,0.8836207405674862,0.9440870648614227,0.6056667299984825,0.058704803420518065,0.9432775921537169,0.8431861391132411,0.606062020132449,0.9437334947978855,1.0,0.17556616221091767,0.03559276020880756,0.10758082379897402,0.07752793589825623,0.05834143072396284,0.11283070683685356,0.4381257822668204,0.11433802281076164,0.09930827743690332
NC_001846.1,0.15097036851717646,0.1509733290379114,0.15099122833942621,0.15067051300632958,0.1728679018618917,0.16145578600865643,0.1580616123491362,0.1482610848607821,0.15893557953869278,0.11875219317249877,0.1621677278806522,0.15309111275718346,0.14249385696354225,0.1531564743156124,0.16188061911449472,0.15444557291141417,0.14199090094802838,0.12166849074973583,0.15628871463043226,0.1890353333112981,0.14170860233341603,0.15676844251150845,0.17556616221091767,1.0,0.10834588196410885,0.23963538074689097,0.0595988926651476,0.13207517262916643,0.12404810507889384,0.14645644819884227,0.1958054594445766,0.0445786008738804
NC_005147.1,0.0109493689985995,0.010954785767565887,0.01095374111129094,0.01082374548060643,0.028486459500461046,0.01205903635709629,0.010563301792840372,0.028786056102415244,0.012051325796204448,0.06615957582680738,0.014927451524939628,0.012649520847989525,0.037910826822644614,0.048103312596381564,0.025300876591484583,0.008631798144617953,0.03782874915352385,0.06525182361114787,0.009790928221094407,0.042800436168387496,0.03736225524055611,0.00961850468379389,0.03559276020880756,0.10834588196410885,1.0,0.15368977981328655,0.02729201867260203,0.0245494960428728,0.05889846144140997,0.06415823574028479,0.054141699848525154,0.04216583118904924
NC_006577.2,0.026347747154997214,0.026328479013664162,0.026399448928247738,0.025943323126189768,0.05400355594582812,0.03162166247142943,0.03797391037481688,0.06416084600121118,0.0286143458275218,0.10138436735915794,0.04041458215801704,0.026752001125641064,0.053781407968752956,0.17600247526167545,0.05444420221431847,0.028761387118584527,0.0582190337097883,0.19747021807270018,0.027920404066231107,0.056435526528403564,0.05431857688112788,0.02847256297329295,0.10758082379897402,0.23963538074689097,0.15368977981328655,1.0,0.06154021788053068,0.07012715900679244,0.10981067405090209,0.18087800371268314,0.28123505348368566,0.023700435591959564
NC_009019.1,0.0613496867714436,0.06139839700508874,0.061284666112404164,0.06127041207465908,0.07132499162954262,0.06438354477894832,0.07143373956293594,0.05056512019079372,0.06390629524840066,0.16099138085960474,0.07310972919610852,0.06311796162418094,0.04308517662773921,0.07905581169838055,0.07213884533669268,0.06323888951793301,0.0423473224738575,0.11618584768294667,0.06360244166880039,0.05374713584112048,0.04255385411983041,0.06383481048486254,0.07752793589825623,0.0595988926651476,0.02729201867260203,0.06154021788053068,1.0,0.08408490703972712,0.08426749922009968,0.06027495795646032,0.14213884868832702,0.033837132584992484
NC_009020.1,0.05023402368684354,0.05031250491298158,0.05019524826990923,0.05009271990663283,0.06334171187202724,0.053504362755011164,0.04974007840711286,0.06100561133050471,0.05259770925266977,0.08787457743580122,0.05096081146414574,0.050891426896565554,0.06142711166731474,0.07307961483383299,0.057677654035758474,0.05200773110205248,0.060854123315055166,0.20906309740951243,0.051773158069044305,0.055471363547297585,0.060911037543809984,0.05211528873438773,0.05834143072396284,0.13207517262916643,0.0245494960428728,0.07012715900679244,0.08408490703972712,1.0,0.0909557942159293,0.06149391616265824,0.23987280422462628,0.05680851083421648
NC_009021.1,0.06741432604595805,0.06746607440590124,0.06737250202494113,0.06741848908373355,0.09755187468232016,0.07360699460991492,0.07994908266056656,0.08658820831468536,0.07302126437835417,0.2131419840674079,0.0849855481011926,0.07411047393081098,0.07434771750072082,0.15946220794369245,0.09283589083542648,0.07240260202418973,0.07902337833299265,0.14377955148847488,0.0726437382353783,0.07579835618731366,0.07434047453486556,0.07299803514937105,0.11283070683685356,0.12404810507889384,0.05889846144140997,0.10981067405090209,0.08426749922009968,0.0909557942159293,1.0,0.1432380639309678,0.1382471900015809,0.12244829446267627
NC_014470.1,0.2844541196977895,0.28447461838687643,0.285013849043419,0.2822483570552779,0.4142190772088845,0.29122270911848674,0.28779162237372014,0.3791091782462778,0.29032550036866506,0.19698311492614107,0.32521638240892403,0.29386862850481565,0.3381680391821321,0.3223907160947055,0.431353116521999,0.28806361864974334,0.3377290400826382,0.08359543365504238,0.2882647797685586,0.37431335360675166,0.3293312328697308,0.2897775222376678,0.4381257822668204,0.14645644819884227,0.06415823574028479,0.18087800371268314,0.06027495795646032,0.06149391616265824,0.1432380639309678,1.0,0.12993712867825347,0.07516761795110914
NC_019843.3,0.08431893179960091,0.0842685141218233,0.08411691491422078,0.08430423466251809,0.10808081991775591,0.08851065241896995,0.09510402966419665,0.08450717621535347,0.08841487029900841,0.15026478076269942,0.09519067660476102,0.08750125938967274,0.06949932920592357,0.16324730891941633,0.09611761189643978,0.08776707233181014,0.06777836614445108,0.44063207106904523,0.08730192618828665,0.08152832754359517,0.0677670494538628,0.08700512985664821,0.11433802281076164,0.1958054594445766,0.054141699848525154,0.28123505348368566,0.14213884868832702,0.23987280422462628,0.1382471900015809,0.12993712867825347,1.0,0.06933850708346853
NC_030886.1,0.08159012838253504,0.08159474883151155,0.08160839017121704,0.08158796373727473,0.08666766934858687,0.08680061190207576,0.0909858568216302,0.06339511528518936,0.0859858991389353,0.06488445285915448,0.08995794375164774,0.0869460494332272,0.05023734623807665,0.07149950106542981,0.08044223711871092,0.08609961655327487,0.05144340105930848,0.05241060288346367,0.08493498814478329,0.06947196308169921,0.05102071545858209,0.08546848092797146,0.09930827743690332,0.0445786008738804,0.04216583118904924,0.023700435591959564,0.033837132584992484,0.05680851083421648,0.12244829446267627,0.07516761795110914,0.06933850708346853,1.0
